0.0006992338458076119 0.000753329019062221 70
0.0009911059169098735 0.001173904282040894 16
0.0002954395313281566 0.0003825681924354285 177
0.0009120542090386152 0.0010951417498290539 178
0.00030832469929009676 0.0003943287883885205 69
0.0002284409711137414 0.0004383898340165615 340
0.00025181181263178587 0.00032580725383013487 339
0.00044723349856212735 0.0005171598750166595 15
0.0003042630560230464 0.0005469762836582959 393
0.00046169135021045804 0.000696619157679379 232
0.0004295671242289245 0.00045132613740861416 231
0.00012628441618289798 0.00030615049763582647 285
0.000227260374231264 0.0003908346698153764 123
0.0003892263339366764 0.0006054227123968303 124
0.00012865384633187205 0.000267074559815228 286
0.00022713748330716044 0.0003910234372597188 195
0.00018055697728414088 0.00044122315011918545 33
0.00017215238767676055 0.000499612360727042 196
6.776743975933641e-05 0.0001362298207823187 34
0.00047602836275473237 0.00089250662131235 448
0.00010169515007873997 0.00016519178461749107 87
0.00012169707042630762 0.0003557904565241188 447
9.54486386035569e-05 0.00019125663675367832 88
0.0007114236941561103 0.000781278358772397 394
0.0002718900504987687 0.0005583387683145702 358
0.00017026196292135864 0.0005387577693909407 357
3.188179471180774e-05 7.414756692014635e-05 250
6.712877802783623e-05 0.0001791672402760014 249
2.7529509679879993e-05 0.00012216831964906305 411
4.788098522112705e-05 0.0001437896426068619 412
4.277063999325037e-05 0.0002868002629838884 465
5.58288702450227e-05 0.0004007536917924881 466
0.00020167911134194583 0.0003884156176354736 52
0.00022113618615549058 0.0004431345732882619 51
0.00018937703862320632 0.0006473275716416538 213
0.00017933882190845907 0.000682842917740345 214
0.00014949215983506292 0.0005639431765303016 375
0.00012276522465981543 0.000250873010372743 141
0.00010045965609606355 0.00022418148000724614 142
0.0001386055810144171 0.0005992844235152006 376
0.00011253071716055274 0.00044622106361202896 304
6.419506098609418e-05 0.000298380822641775 303
4.4485706894192845e-05 0.00020010942535009235 267
3.9364982512779534e-05 0.00024375088105443865 429
0.002241709502413869 0.002271086908876896 430
4.730594082502648e-05 0.00021908625785727054 268
8.065060683293268e-05 0.0001960476947715506 106
7.682690193178132e-05 0.00017797312466427684 105
3.794616714003496e-05 0.00033465088927187026 322
4.07277220801916e-05 0.0003749523893930018 321
7.954697503009811e-05 0.00019948102999478579 160
7.800729508744553e-05 0.00017340588965453207 159
5.029313615523279e-05 0.00047049589920789003 483
5.139750282978639e-05 0.0006430960493162274 484
