9.989750833483413e-05 0.031169122084975243 64
0.00016060375492088497 0.01992926001548767 63
0.0006911185919307172 0.006082194857299328 9
0.00013903937360737473 0.003585172351449728 10
0.00045069781481288373 0.010994687676429749 172
0.0003292020410299301 0.006161991972476244 171
3.509430825943127e-05 0.025358671322464943 118
0.00020343980577308685 0.018755801022052765 117
0.0018424427835270762 0.04016656428575516 333
2.9833014195901342e-05 0.024254435673356056 387
5.958553447271697e-05 0.0214768685400486 388
8.17792442830978e-06 0.015477959997951984 226
0.0002988495980389416 0.03321148455142975 334
5.028583109378815e-05 0.018621928989887238 225
1.1559776794456411e-05 0.02119835466146469 280
5.546361717279069e-05 0.02577338181436062 279
4.89488520543091e-05 0.013440154492855072 442
8.893670747056603e-05 0.001191690913401544 27
0.0001836005540098995 0.004272929858416319 28
1.465550212742528e-06 0.026470772922039032 441
0.00029428728157654405 0.010030290111899376 190
3.308790837763809e-05 0.0016827750951051712 189
8.559611160308123e-05 0.012672816403210163 82
5.952858555247076e-05 0.008806339465081692 136
9.877152479020879e-05 0.00667187524959445 81
2.0234774638083763e-05 0.01008874736726284 298
8.660472303745337e-06 0.0084228515625 297
0.000489222293253988 0.01003179233521223 351
9.19471713132225e-05 0.0010819033486768603 135
2.3390823116642423e-05 0.012394953519105911 243
1.3526996553991921e-05 0.004711577203124762 352
1.0670643860066775e-05 0.020079907029867172 405
2.357434823352378e-06 0.015879010781645775 406
8.149449968186673e-06 0.012529049068689346 459
7.639148861926515e-06 0.007354984059929848 460
2.9186254323576577e-05 0.013647491112351418 244
6.286177085712552e-05 0.000881823361851275 45
2.517571374482941e-05 0.0011846328852698207 46
2.1335590645321645e-05 0.001976615283638239 208
0.00032675047987140715 0.010802383534610271 207
0.0001314017572440207 0.001266310689970851 100
7.932801963761449e-05 0.001052130595780909 99
3.1805648177396506e-05 0.0012283442774787545 369
1.6045558368205093e-05 0.00130457803606987 261
2.9019476642133668e-05 0.0025952542200684547 370
8.939594408730045e-05 0.0008521713898517191 262
0.0012121592881157994 0.006284279283136129 153
8.973763760877773e-05 0.005627199541777372 154
0.00012747792061418295 0.010421660728752613 478
9.373631473863497e-05 0.008914544247090816 315
2.567206320236437e-05 0.010693425312638283 316
1.5730085578979924e-05 0.0015491528902202845 423
4.905909736407921e-05 0.021525690332055092 424
1.8322225514566526e-05 0.011315284296870232 477
