1.443358814867679e-05 0.14644961059093475 58
1.289824467676226e-05 0.3661072254180908 57
7.386403740383685e-05 0.36492446064949036 4
2.422409124847036e-05 0.5385833382606506 3
1.971625715668779e-05 0.20624078810214996 112
1.1548006114026066e-05 0.4004930853843689 111
1.112075915443711e-05 0.36925867199897766 166
6.736031355103478e-05 0.34682703018188477 165
2.3286485884455033e-05 0.34113308787345886 381
3.432575567785534e-06 0.17897361516952515 382
7.448881660820916e-06 0.694513738155365 328
1.2467205579014262e-07 0.11135382205247879 327
1.3279601489557535e-06 0.20818863809108734 220
1.359195039185579e-06 0.1459108293056488 219
1.0993199794029351e-05 0.2579165995121002 274
0.00031396467238664627 0.31481122970581055 273
1.4826633560005575e-05 0.03959880396723747 75
2.592309465399012e-05 0.08618465065956116 76
0.00026520955725573003 0.33945369720458984 436
6.593042053282261e-05 0.20329323410987854 435
4.2732379370136186e-05 0.1511787474155426 21
4.4243617594474927e-05 0.013682779856026173 22
2.8080083211534657e-05 0.04313323646783829 184
0.00023735359718557447 0.05051783099770546 183
4.9742604460334405e-05 0.08431944251060486 129
2.0010113075841218e-05 0.06288240849971771 130
1.7027796275215223e-06 0.29477083683013916 345
4.447041646926664e-06 0.12847739458084106 292
2.6185373371845344e-06 0.10195176303386688 346
4.495115035751951e-07 0.10931351780891418 291
8.929568866733462e-05 0.1337212771177292 237
2.856828814401524e-06 0.13111890852451324 238
7.674112566746771e-06 0.4039419889450073 400
0.0002468061866238713 0.09138607233762741 399
4.400461875775363e-06 0.06457393616437912 453
7.290917665159213e-07 0.08714744448661804 454
0.00023136913659982383 0.018428249284625053 39
5.6625998695380986e-05 0.005248270928859711 40
0.00024427170865237713 0.011774218641221523 201
2.6939254894386977e-05 0.010283468291163445 94
3.0566636723960983e-06 0.05150245502591133 202
4.73209820484044e-06 0.017669321969151497 255
9.090943785849959e-05 0.007300814613699913 93
2.3284942471946124e-06 0.00837147980928421 418
0.0001131195094785653 0.01290140300989151 417
4.750643256556941e-06 0.005694577936083078 364
3.2344261853722855e-05 0.015267863869667053 256
9.812163170863641e-07 0.02725374512374401 363
3.341324918437749e-05 0.0194562841206789 147
3.368191755726002e-05 0.014288987033069134 148
9.700255759526044e-06 0.02544599026441574 309
6.443783036047535e-07 0.012655000202357769 310
7.441634579663514e-07 0.016687151044607162 472
2.448510656449798e-07 0.017491163685917854 471
