0.0009069234947673976 0.000945074250921607 18
0.000964763923548162 0.0010013285791501403 17
0.00020259716256987303 0.00020774087170138955 180
0.0004181031254120171 0.0004414935247041285 179
0.00027542782481759787 0.00032896202174015343 71
0.0002676245057955384 0.00030915721436031163 72
0.00039916406967677176 0.00043607165571302176 341
0.00031504296930506825 0.00032717574504204094 342
0.0001663182774791494 0.0001971452438738197 234
0.00014771368296351284 0.00018932537932414562 233
0.00016562592645641416 0.00020989599579479545 396
0.0006145930383354425 0.0007674899534322321 125
0.0004453658766578883 0.000511309364810586 395
6.460804434027523e-05 7.505573012167588e-05 198
5.6812219554558396e-05 8.050843462115154e-05 197
0.0003105780342593789 0.0004204806173220277 126
0.0001684591843513772 0.00023638870334252715 288
0.0002590019430499524 0.0002709930995479226 36
0.00010870223195524886 0.0001631998602533713 89
0.00035644651507027447 0.00047232076758518815 287
0.000311159499688074 0.00034731117193587124 35
0.00015014303789939731 0.00019671782501973212 450
0.000517748121637851 0.0005340470233932137 360
4.551262463792227e-05 6.826834578532726e-05 359
0.00013880110054742545 0.00020540390687528998 90
0.00024668092373758554 0.00032792205456644297 449
5.403189788921736e-05 9.878444689093158e-05 251
3.981985355494544e-05 6.381519779097289e-05 252
4.304707545088604e-05 0.0001026283935061656 414
5.688716555596329e-05 0.00010393684351583943 413
0.00018017200636677444 0.00042240959010086954 215
0.00010022451897384599 0.00012137563317082822 216
0.0002978556731250137 0.00044325264752842486 54
0.0002127328043570742 0.00023119525576476008 53
5.7492237829137594e-05 0.0001480765058659017 467
7.14410562068224e-05 0.00018523178005125374 468
5.139875793247484e-05 7.356426795013249e-05 378
7.008003012742847e-05 9.448753553442657e-05 377
0.00011936742521356791 0.00017469142039772123 144
7.678456313442439e-05 0.00016516621690243483 306
0.00010709939670050517 0.00016024055366870016 143
4.4385295041138306e-05 8.784285455476493e-05 305
4.594722850015387e-05 0.00011520083353389055 270
7.839841418899596e-05 0.00010641424159985036 108
2.4001063138712198e-05 6.1003538576187566e-05 432
8.382588566746563e-05 0.00016327515186276287 431
0.00030833695200271904 0.0003126986266579479 269
0.00011321679630782455 0.00015216812607832253 107
2.8648892111959867e-05 9.094606502912939e-05 324
2.7880907509825192e-05 0.00011632683163043112 323
3.8025293179089203e-05 0.00016396229329984635 486
5.092241190141067e-05 0.00018662787624634802 485
7.412458217004314e-05 0.00010228132305201143 162
7.380933675449342e-05 0.00011651912791421637 161
