0.00014181860024109483 0.0008580932044424117 12
0.0002484332653693855 0.001053804182447493 11
0.00033427131711505353 0.005052756983786821 65
0.0002754508750513196 0.002891924697905779 66
0.00010532334272284061 0.0008298734901472926 173
0.00034562096698209643 0.0019657406955957413 174
4.200318653602153e-05 0.009525071829557419 120
4.206715675536543e-05 0.008047377690672874 119
0.0003813197836279869 0.006586319301277399 228
0.0002449184830766171 0.004179123789072037 389
0.00031208430300466716 0.0037232995964586735 227
0.000125193502753973 0.0007230448536574841 335
0.0001390698889736086 0.000930449110455811 336
3.415607352508232e-05 0.007568137254565954 281
3.5108780139125884e-05 0.010079772211611271 282
8.777955372352153e-05 0.008730368688702583 443
0.00044544957927428186 0.005398666486144066 390
9.40467361942865e-05 0.0006542679620906711 29
9.623136429581791e-05 0.0008641249150969088 30
9.214463352691382e-05 0.0008072617347352207 84
8.896713552530855e-05 0.0007882110658101737 83
5.4013693443266675e-05 0.0010425035143271089 191
0.00014590159116778523 0.001057164859957993 192
2.4729539291001856e-05 0.010159695520997047 444
3.864428072120063e-05 0.0011551600182428956 354
3.4924996725749224e-05 0.0008985667955130339 353
3.1993920856621116e-05 0.0011986532481387258 245
5.917008456890471e-05 0.00110942916944623 246
4.005922164651565e-05 0.0011503811692819 407
2.9991015253472142e-05 0.0011302888160571456 408
8.800670912023634e-05 0.0007290208013728261 137
0.0004181446274742484 0.007717893458902836 461
3.966997246607207e-05 0.0033997553400695324 299
1.6563422832405195e-05 0.004697182681411505 300
0.0009750816388987005 0.0012008427875116467 138
1.8430020645610057e-05 0.005772504024207592 462
8.909696771297604e-05 0.0007689875201322138 48
0.00011273605196038261 0.0006671789451502264 47
9.71593035501428e-05 0.0006344271823763847 101
0.00010714207746786997 0.0006585901719518006 102
4.4023247028235346e-05 0.000867967086378485 209
4.945349064655602e-05 0.0009476434206590056 210
2.2271715351962484e-05 0.0011664298363029957 426
2.8574429961736314e-05 0.0019158637151122093 371
7.072339940350503e-05 0.0007606835570186377 372
1.5029112546471879e-05 0.0011320254998281598 264
3.7216970667941496e-05 0.0008067967719398439 263
0.00010686397581594065 0.0005412993486970663 155
8.873484330251813e-05 0.0006335750804282725 156
1.920890099427197e-05 0.0022040626499801874 480
2.6151212296099402e-05 0.003572035115212202 479
0.00016002861957531422 0.001441804226487875 317
2.9914494007243775e-05 0.0009152534767054021 318
2.6853918825509027e-05 0.0019014591816812754 425
