4.15411705034785e-05 0.15010811388492584 60
9.801737178349867e-05 0.4826418161392212 59
0.00021093293617013842 0.33271539211273193 5
4.2623665649443865e-05 0.163126602768898 6
8.595851795689669e-06 0.2063010185956955 168
1.6607943962299032e-06 0.20912885665893555 113
2.8244623536011204e-05 0.15008489787578583 167
0.00027862840215675533 0.17586317658424377 114
0.00023589245392940938 0.3547382056713104 330
0.00010942552762571722 0.286030113697052 329
3.7788471672683954e-05 0.2999477982521057 221
1.1924187674594577e-05 0.3027370572090149 383
1.6475900338264182e-05 0.19150987267494202 276
4.268807970220223e-05 0.1499476134777069 275
3.908793587470427e-06 0.3470202684402466 384
3.3188345696544275e-05 0.29542073607444763 222
8.71889824338723e-06 0.15359535813331604 78
3.168840703438036e-05 0.058721791952848434 77
2.6401536160847172e-05 0.24154527485370636 437
6.663626118097454e-05 0.05288190767168999 23
6.47734705125913e-05 0.09780043363571167 24
3.857846877508564e-06 0.2805144488811493 438
1.0634930731612258e-05 0.08786708861589432 185
5.110229267302202e-06 0.3158282935619354 186
8.960791092249565e-06 0.06761328876018524 240
3.093209306825884e-05 0.034263137727975845 131
1.7291768017457798e-06 0.06224849820137024 239
4.0326147427549586e-05 0.060061655938625336 132
3.8975013012532145e-06 0.14826682209968567 293
4.539696874417132e-06 0.0952618420124054 294
4.000649823865388e-06 0.025117646902799606 347
7.212916443677386e-06 0.20254424214363098 348
2.2010885913914535e-06 0.06374458968639374 402
1.2357187415545923e-06 0.04172977805137634 401
6.0614947869908065e-06 0.06729330122470856 456
7.518784059357131e-06 0.08256462216377258 455
0.00022863474441692233 0.019759921357035637 41
0.00025244499556720257 0.02549091912806034 42
5.870546829100931e-06 0.008897654712200165 203
3.7419893487822264e-05 0.008918787352740765 204
8.240789611591026e-05 0.01579655334353447 365
2.099682023981586e-05 0.007422768510878086 366
1.5416797396028414e-05 0.007944575510919094 420
7.535539225500543e-06 0.0260942243039608 257
2.077950739476364e-06 0.011005778796970844 419
1.759999940986745e-05 0.0078316954895854 258
4.912575604976155e-05 0.014307363890111446 149
8.125390741042793e-05 0.006139041390269995 150
1.0976503290294204e-05 0.02576131373643875 95
7.369615104835248e-06 0.018001308664679527 311
9.64480477705365e-06 0.01060608122497797 312
2.9572467610705644e-05 0.014264674857258797 96
4.958998033544049e-06 0.05150637403130531 474
6.810661830058962e-07 0.019466685131192207 473
