0.0002581856388133019 0.0006313599296845496 14
0.0003079138114117086 0.0006013280944898725 13
0.00029810305568389595 0.000760699447710067 68
0.0002520004927646369 0.0005629261140711606 67
0.00029053378966636956 0.00048130613868124783 176
0.0007860427722334862 0.0009156003361567855 175
0.0008267697994597256 0.0010728357592597604 337
0.0007684689480811357 0.0009175734012387693 338
0.00042670912807807326 0.001784580759704113 122
0.0002370100555708632 0.0008400287479162216 121
0.0001230914203915745 0.0005505762528628111 229
8.359560888493434e-05 0.00030950215295888484 230
0.00029506729333661497 0.0025327643379569054 284
0.00016496400348842144 0.0006794214714318514 392
0.00039940065471455455 0.0012999182799831033 391
0.0008887575240805745 0.005539306905120611 283
0.00013053935253992677 0.0005764933302998543 32
0.00015469577920157462 0.00047862587962299585 31
0.00010784671030705795 0.0006085385684855282 193
0.00015646335668861866 0.000673124915920198 194
9.310896712122485e-05 0.000255242339335382 85
0.00014992964861448854 0.00047207344323396683 86
0.0009825089946389198 0.005629450548440218 445
0.00036059573176316917 0.0028660946991294622 446
0.00027070287615060806 0.0005763332592323422 356
0.00010514757741475478 0.0006050377851352096 355
0.0006712836329825222 0.0010201294207945466 248
7.117381755961105e-05 0.0007114868494682014 247
4.31258995376993e-05 0.0005255013820715249 409
4.146427090745419e-05 0.0009010043577291071 410
0.00011706399527611211 0.00041697811684571207 140
4.9130612751469016e-05 0.0005661979084834456 301
0.00010315523104509339 0.00041983104893006384 139
6.405566091416404e-05 0.0010127518326044083 464
4.5913307985756546e-05 0.000787652563303709 463
0.0001185542278108187 0.0006057303980924189 50
9.545962529955432e-05 0.00035383517388254404 49
5.9738427808042616e-05 0.0006424410967156291 302
8.904705464374274e-05 0.0007370146922767162 374
8.603843889432028e-05 0.0007657869136892259 211
0.0001145678324974142 0.0007281869766302407 212
7.939746865304187e-05 0.0006471244851127267 373
4.2135365220019594e-05 0.0008274088613688946 427
4.524284304352477e-05 0.0010412923293188214 428
3.801638740696944e-05 0.0005375188775360584 265
8.777347102295607e-05 0.0005816373159177601 266
9.258114732801914e-05 0.00044015265302732587 158
0.00014552428910974413 0.0004237414977978915 157
3.12789052259177e-05 0.0008545932359993458 482
4.080534563399851e-05 0.0011235735146328807 481
7.56999506847933e-05 0.0002764402888715267 104
0.00011816228652605787 0.0004827884549740702 103
3.357406967552379e-05 0.000742177537176758 319
3.413489321246743e-05 0.0005395277985371649 320
