3.9125297917053103e-05 0.14729544520378113 62
1.5577044905512594e-05 0.05513907968997955 61
0.00016575846530031413 0.1852031797170639 8
0.0007685879245400429 0.23610356450080872 7
7.876251765992492e-05 0.02805897407233715 170
0.00021617123275063932 0.07827622443437576 169
1.9142604287480935e-05 0.07507950067520142 115
1.5789530152687803e-05 0.1169748306274414 116
0.00017437389760743827 0.16150163114070892 331
0.0006092875264585018 0.1513545960187912 332
4.116066349979519e-07 0.07723751664161682 386
8.103354957711417e-06 0.1377023458480835 224
1.3784363545710221e-05 0.05128997564315796 223
3.22323512591538e-06 0.13491573929786682 277
0.0001019579722196795 0.19335290789604187 385
2.473031599947717e-06 0.1350240260362625 278
1.1043962331314106e-06 0.14988206326961517 439
0.00016827977378852665 0.10376617312431335 25
0.00015742567484267056 0.10109131038188934 26
4.546295258478494e-06 0.08258417993783951 440
0.00011155105312354863 0.026816746219992638 187
9.40927056944929e-05 0.023609591647982597 188
7.746260962449014e-06 0.019303593784570694 242
9.98690757114673e-06 0.025265151634812355 296
7.723385351710021e-05 0.006416697986423969 79
3.571743491193047e-06 0.014478269033133984 241
1.551325294713024e-05 0.030314791947603226 133
0.0001373572595184669 0.021431731060147285 134
9.143912757281214e-05 0.02472679316997528 295
2.6868814529734664e-05 0.08374089002609253 80
6.163949001347646e-05 0.03680344298481941 349
5.555537063628435e-05 0.02456056885421276 350
4.926117617287673e-05 0.04389725998044014 403
2.0660952941398136e-05 0.03313359245657921 457
2.0242007394699613e-06 0.030923372134566307 404
2.8865783860965166e-06 0.02855284884572029 458
6.342037522699684e-05 0.03265369310975075 44
9.874453826341778e-05 0.009354437701404095 43
4.468673432711512e-05 0.030958211049437523 206
9.623139703762718e-06 0.019788488745689392 205
0.00032095154165290296 0.0025885682553052902 98
7.093089516274631e-05 0.010081476531922817 97
4.8374295147368684e-06 0.012940318323671818 260
2.8270267648622394e-05 0.02382677234709263 151
9.125584620051086e-05 0.008237658999860287 152
1.4636756532127038e-05 0.0047452705912292 367
7.546551205450669e-05 0.007059838157147169 368
6.309757736744359e-06 0.010911504738032818 313
1.9091894500888884e-05 0.02383795566856861 259
2.2219974198378623e-06 0.010382945649325848 314
1.7701369870337658e-05 0.007775492034852505 422
4.4297095882939175e-05 0.032020509243011475 421
4.519500180322211e-06 0.014567027799785137 476
4.196244844933972e-06 0.010580857284367085 475
