3.157527680741623e-05 0.19491618871688843 56
0.0003055470297113061 0.23705536127090454 55
2.101957579725422e-05 0.2006843239068985 1
3.0791496101301163e-05 0.1587563008069992 2
1.722182241792325e-05 0.17169903218746185 110
2.4206017315009376e-06 0.5429024696350098 109
5.101335887047753e-07 0.23269017040729523 163
2.0874392703262856e-06 0.3104834258556366 164
0.00022309186169877648 0.1934722363948822 380
5.031211003370117e-06 0.29055407643318176 379
0.00012953294208273292 0.43467041850090027 218
6.979599675105419e-06 0.3011919856071472 272
2.4368533559027128e-05 0.10509853810071945 271
2.051915362244472e-05 0.03178044781088829 73
1.3572332591138547e-06 0.27804672718048096 217
2.884827836169279e-06 0.23183098435401917 74
1.2458369383239187e-05 0.06438129395246506 19
8.91069521458121e-06 0.011386383324861526 20
3.41562699759379e-05 0.3046729564666748 433
1.4450284879785613e-06 0.2054012566804886 325
0.0001250455534318462 0.16289445757865906 326
8.657781290821731e-05 0.037412773817777634 181
6.63729224470444e-07 0.034196872264146805 182
0.00017829846183303744 0.061104994267225266 127
9.158527245745063e-05 0.30442893505096436 434
0.0009993250714614987 0.22549298405647278 290
5.314515419740928e-06 0.16792184114456177 344
3.306446615169989e-06 0.1292020082473755 289
2.5981060502999753e-07 0.12318475544452667 236
1.4931052646716125e-05 0.04422048106789589 128
1.981125933525618e-06 0.041347697377204895 343
2.1165944872336695e-06 0.1364385038614273 235
3.1080264761840226e-06 0.11694097518920898 452
2.2484464352601208e-06 0.05752699077129364 451
4.6211785956984386e-05 0.08382599800825119 398
1.0893146509260987e-06 0.19295665621757507 397
8.860867637849879e-06 0.03638624772429466 200
9.961289833881892e-06 0.01431842241436243 199
6.512608706543688e-06 0.038829073309898376 38
1.9966244508395903e-05 0.013956940732896328 37
0.00036977167474105954 0.033443499356508255 92
7.714140224379662e-07 0.032023943960666656 415
0.0004313699610065669 0.01332710962742567 416
1.0746867701527663e-05 0.009295104071497917 254
3.3981443266384304e-05 0.015854887664318085 145
1.3639179087476805e-05 0.012781335972249508 253
1.5960249584168196e-06 0.008940172381699085 362
0.0004379147430881858 0.01438654400408268 146
5.138113920111209e-06 0.011897764168679714 361
3.2950101740425453e-06 0.013798480853438377 308
6.04921069680131e-07 0.013685637153685093 307
3.12026750179939e-05 0.00968100130558014 91
0.00016978400526568294 0.023547837510704994 470
1.765636079653632e-05 0.018137726932764053 469
