0.0014610906364396214 0.02050020545721054 9
0.0013431461993604898 0.004515429958701134 10
0.0005922677228227258 0.03130842372775078 153
0.0003281910321675241 0.027185367420315742 297
0.0011497467057779431 0.04521907493472099 298
0.002943636616691947 0.009922199882566929 57
0.0016135211335495114 0.0143263665959239 58
0.0009718856890685856 0.038251738995313644 154
0.0008080153493210673 0.014902561902999878 346
0.0005229809321463108 0.04362984001636505 345
0.0008469721069559455 0.01387325581163168 201
0.0014962604036554694 0.008350087329745293 25
0.000746173900552094 0.02487311325967312 202
0.0015718855429440737 0.004732293542474508 26
0.005642218980938196 0.022996140643954277 250
0.002010064898058772 0.013201029039919376 249
0.0007255011005327106 0.006383455824106932 393
0.0022231885232031345 0.015005345456302166 394
0.001651632715947926 0.01282806508243084 105
0.00151094573084265 0.011900810524821281 106
0.0003732015029527247 0.008280059322714806 169
0.00047208514297381043 0.021862594410777092 170
0.00023475411580875516 0.03234945610165596 314
0.00022892755805514753 0.03427237272262573 313
0.0015404284931719303 0.006042186636477709 73
0.001620445866137743 0.0039625270292162895 74
0.0004003996145911515 0.04058048874139786 362
0.0007001234916970134 0.02380950190126896 361
0.00039783763349987566 0.026231667026877403 218
0.000985410064458847 0.016445215791463852 217
0.0009831904899328947 0.022299770265817642 266
0.0017048248555511236 0.010203464888036251 265
0.0007478867773897946 0.016515448689460754 410
0.000967546715401113 0.0096611138433218 409
0.0007913109729997814 0.018597014248371124 233
0.0009057737188413739 0.003992503508925438 185
0.002028623130172491 0.04142608121037483 186
0.0032843188382685184 0.01652376540005207 378
0.0007594116032123566 0.007832725532352924 377
0.0005896610673516989 0.0075731538236141205 330
0.0007522311643697321 0.03131318837404251 329
0.0008321218192577362 0.005202692933380604 234
0.0018643249059095979 0.012126357294619083 42
0.002053285948932171 0.014341788366436958 41
0.0024809292517602444 0.009620113298296928 89
0.0018926875200122595 0.006982653401792049 90
0.0011608226923272014 0.018945474177598953 282
0.001141269109211862 0.019462967291474342 281
0.0013195909559726715 0.004000033717602491 426
0.0006723555270582438 0.017771169543266296 425
0.0019593199249356985 0.01228608563542366 138
0.0019487120443955064 0.02503286860883236 137
0.0019736045505851507 0.004200921393930912 122
0.0014876725617796183 0.005881636869162321 121
