0.0011319431941956282 0.07021532952785492 3
0.0010614919010549784 0.04119713231921196 52
0.0010116284247487783 0.03718414530158043 4
0.00021361102699302137 0.07035566866397858 243
0.0009133333805948496 0.03772057220339775 51
0.0006864850292913616 0.11885340511798859 148
0.0006202855729497969 0.0935826450586319 147
3.0351746318046935e-05 0.08088831603527069 387
5.833565955981612e-05 0.061349671334028244 388
0.00022300652926787734 0.06228887662291527 339
0.000108503365481738 0.10181310772895813 340
0.000864516943693161 0.11679315567016602 291
0.0010405111825093627 0.04733097553253174 99
0.0030500744469463825 0.0919506624341011 292
0.00026410043938085437 0.07707230746746063 195
0.0009679627837613225 0.03906997665762901 100
0.0005779875791631639 0.10088443011045456 196
0.0001939982030307874 0.08836467564105988 244
0.0014290926046669483 0.0367569625377655 19
0.0012675367761403322 0.061991892755031586 20
0.0004564450355246663 0.06139874830842018 212
0.0003853527014143765 0.09470698982477188 164
0.0009763087728060782 0.0940299779176712 163
0.0012156844604760408 0.030696433037519455 67
0.0077130659483373165 0.03254261240363121 68
0.00025126116815954447 0.09032513201236725 356
0.0002620993764139712 0.07833018153905869 355
0.0013257901882752776 0.07178915292024612 260
0.00034833926474675536 0.05564573034644127 259
5.033015622757375e-05 0.045066263526678085 403
0.0009184024529531598 0.06046679615974426 404
0.000482165691209957 0.08756671845912933 308
0.0005541298305615783 0.08649387955665588 307
0.0004512321902438998 0.0919719934463501 211
0.0002783367526717484 0.08194366097450256 372
0.00013829630916006863 0.06659521162509918 371
0.0015715996269136667 0.05362826585769653 35
0.001336677698418498 0.055547408759593964 36
0.0006962807383388281 0.059806570410728455 276
0.0013431356055662036 0.04982234910130501 132
0.0014708811650052667 0.030782034620642662 131
0.005718741100281477 0.05168852582573891 275
0.0015181225026026368 0.05036059021949768 84
0.0009298865916207433 0.09642850607633591 180
0.000675206130836159 0.07474637776613235 179
0.0011329217813909054 0.07529129087924957 324
0.000977807678282261 0.11306023597717285 323
0.0004839078173972666 0.0579301193356514 228
0.0004865046648774296 0.0651705339550972 227
0.0011793705634772778 0.040936429053545 83
0.0016500996425747871 0.05817796662449837 420
0.007143981289118528 0.047616973519325256 419
0.0009322890546172857 0.033750019967556 115
0.0016567351995036006 0.047511447221040726 116
