0.0014384947717189789 0.0014342132490128279 11
0.0015878521371632814 0.0015849944902583957 12
0.0003789059992413968 0.00040155943133868277 156
0.0010566064156591892 0.0011665112106129527 155
0.0009618793264962733 0.0010393342236056924 299
0.00029702874599024653 0.0003180175554007292 300
0.001482454827055335 0.0014727854868397117 27
0.0015927910571917892 0.0015434015076607466 59
0.0013349952641874552 0.0017047810833901167 347
0.0024700090289115906 0.002418812597170472 60
0.0010280893184244633 0.0012208110420033336 348
0.0016039340989664197 0.001595306326635182 28
0.001089267898350954 0.0012368509778752923 204
0.0012078045401722193 0.0013114013709127903 203
0.0005828635185025632 0.0006828903569839895 315
0.0006456467090174556 0.0008258585585281253 251
0.0012597026070579886 0.0013598529621958733 171
0.002417929470539093 0.0025492485146969557 252
0.0007218688842840493 0.0010637330124154687 396
0.0009062823373824358 0.00146052788477391 395
0.0005537382094189525 0.0006818005931563675 172
0.0016382938483729959 0.0016424758359789848 108
0.0014364661183208227 0.0014462036779150367 107
0.0004919710918329656 0.0006919181905686855 316
0.0013371228706091642 0.0013423642376437783 75
0.006922808475792408 0.0069306050427258015 76
0.0006295960047282279 0.000969408021774143 364
0.0007792940596118569 0.0010876910528168082 363
0.000597489473875612 0.0007174150086939335 219
0.0011836932972073555 0.0013509669806808233 220
0.0008776277536526322 0.0009886024054139853 267
0.0011226945789530873 0.001485329121351242 268
0.0014998180558905005 0.0015297323698177934 187
0.0005341275245882571 0.0005977225955575705 188
0.001467759138904512 0.0015243595698848367 331
0.0005800442304462194 0.000668858818244189 332
0.0008975532255135477 0.001417138148099184 411
0.0033328577410429716 0.0034997230395674706 412
0.0018179207108914852 0.0018437295220792294 44
0.002014430472627282 0.002067885361611843 235
0.0018284738762304187 0.0018647453980520368 43
0.0006689580040983856 0.0007592262700200081 236
0.003954175394028425 0.0039756400510668755 379
0.001156297279521823 0.0014563085278496146 284
0.0012104278430342674 0.0014436360215768218 380
0.0011693863198161125 0.0015012281946837902 283
0.006927950773388147 0.006947419140487909 91
0.0018316865898668766 0.0018682586960494518 92
0.0017626950284466147 0.0018775068456307054 427
0.0015230581630021334 0.001950327306985855 428
0.0018156947335228324 0.0018730716546997428 139
0.0021051564253866673 0.002198498696088791 140
0.0015123561024665833 0.0015815128572285175 124
0.0015436004614457488 0.001575708040036261 123
