0.0013073334703221917 0.0708375945687294 5
0.0014182634185999632 0.04564487189054489 6
0.0011006668210029602 0.03300070762634277 53
0.0009405420860275626 0.01868344657123089 54
0.001134102582000196 0.0924975723028183 149
0.001037545152939856 0.09576006233692169 150
0.0007287330226972699 0.08223619312047958 293
0.0008899702806957066 0.10383506864309311 294
0.0004268717020750046 0.0769401490688324 342
0.001182325417175889 0.04473482817411423 390
0.000307959970086813 0.06228116527199745 389
0.000451498432084918 0.07369440793991089 341
0.0005924643483012915 0.07070771604776382 198
0.0008574807434342802 0.06921873241662979 197
0.0013812048127874732 0.043412648141384125 101
0.0005718597676604986 0.06725236028432846 245
0.0013028087560087442 0.05768141150474548 102
0.001295347698032856 0.018583975732326508 21
0.007456247694790363 0.05917435139417648 213
0.0013618974480777979 0.023068344220519066 22
0.0008985089953057468 0.05841030180454254 214
0.005683826748281717 0.07542616128921509 165
0.0005703773931600153 0.045043181627988815 246
0.0005259467288851738 0.05324426665902138 166
0.001278974348679185 0.03596251830458641 70
0.0015288677532225847 0.02953930012881756 69
0.0006257069180719554 0.07812579721212387 357
0.00037061396869830787 0.0723215714097023 358
0.0009445130708627403 0.07456561177968979 309
0.0010429657995700836 0.07760005444288254 310
0.002446812344714999 0.04176066070795059 261
0.00014847259444650263 0.058487240225076675 406
0.0002299583429703489 0.07261080294847488 405
0.0007331522647291422 0.0601760633289814 262
0.0005026669823564589 0.050829093903303146 374
0.003360683098435402 0.041787177324295044 373
0.006361430510878563 0.04784388467669487 37
0.001845523132942617 0.056256573647260666 85
0.0016234851209446788 0.04452396184206009 86
0.00048057775711640716 0.08464500308036804 181
0.0007799093145877123 0.06678398698568344 182
0.0007264043670147657 0.0738781988620758 325
0.003624123055487871 0.033598851412534714 278
0.0017531769117340446 0.04016384854912758 277
0.003001233097165823 0.09624361991882324 326
0.0008949317852966487 0.07132858037948608 229
0.008943996392190456 0.0610501654446125 230
0.002395599614828825 0.03727232292294502 134
0.0016182393301278353 0.027698148041963577 133
0.0013865389628335834 0.05183233693242073 422
0.00038253056118264794 0.046862807124853134 421
0.0017639562720432878 0.04489849880337715 38
0.004807162098586559 0.021953415125608444 118
0.0011094664223492146 0.013628760352730751 117
