0.0015459656715393066 0.0015202169306576252 14
0.0012374651851132512 0.00123536994215101 13
0.000939849647693336 0.0009993229759857059 302
0.0010214755311608315 0.0010557392379269004 301
0.0012269453145563602 0.0012509558582678437 157
0.0027529585640877485 0.002757541136816144 158
0.0015191964339464903 0.0015456160763278604 30
0.001853813650086522 0.001910505467094481 29
0.0004635484074242413 0.0005543326842598617 349
0.00023206214245874435 0.0002759292838163674 350
0.0013365809572860599 0.0013790323864668608 205
0.0016000635223463178 0.0016025820514187217 62
0.001168259303085506 0.0011591985821723938 61
0.0006398815894499421 0.0006889858632348478 206
0.0012447203043848276 0.001269844826310873 174
0.0004564541159197688 0.00046928002848289907 173
0.0003806761233136058 0.000455993867944926 317
0.00019636745855677873 0.00021546735661104321 318
0.0008649298688396811 0.0009685617405921221 254
0.006131600588560104 0.006145715247839689 253
0.0007671091589145362 0.0008906199946068227 398
0.0014945388538762927 0.0014810661086812615 110
0.0018551481189206243 0.0018213429721072316 109
0.0007392936968244612 0.000957900716457516 397
0.0005884451675228775 0.0006466014310717583 366
0.0007087987614795566 0.0007431752746924758 365
0.0016738426638767123 0.00167364114895463 77
0.0015247390838339925 0.0015229562995955348 78
0.0006145585211925209 0.0006597131141461432 222
0.0008259509922936559 0.0009061516029760242 221
0.00420086644589901 0.0042092325165867805 189
0.0009510904201306403 0.0010058059124276042 190
0.0006312020705081522 0.000682386860717088 333
0.006246915552765131 0.006244892720133066 334
0.0019481513882055879 0.0019379028817638755 45
0.0006299731903709471 0.000697198964189738 269
0.0016985181719064713 0.001747466390952468 270
0.001982343615964055 0.001977831358090043 46
0.0005907031591050327 0.0007418380118906498 414
0.001331751118414104 0.0014315795851871371 413
0.0011693864362314343 0.0012813538778573275 238
0.0011666929349303246 0.0013042811769992113 237
0.0012256159679964185 0.0012866134056821465 382
0.006086632609367371 0.006101082544773817 381
0.0020324927754700184 0.002036821795627475 94
0.0021215297747403383 0.0021188033279031515 93
0.0012607792159542441 0.0013770766090601683 286
0.0012362009147182107 0.0014149531489238143 285
0.0007257335819303989 0.0009136479930020869 429
0.001830205088481307 0.0019742927979677916 430
0.001929006539285183 0.0019392777467146516 142
0.001812706352211535 0.0018340616952627897 141
0.0014747485984116793 0.001483736908994615 125
0.005017971619963646 0.005017880816012621 126
