0.0016832941910251975 0.021329142153263092 7
0.0015781037509441376 0.012738075107336044 8
0.0010494349990040064 0.05420437082648277 151
0.0010920562781393528 0.1082143560051918 152
0.001194602344185114 0.05262316018342972 56
0.0012489098589867353 0.020131465047597885 55
0.0009824070148169994 0.06193981319665909 295
0.0004796116554643959 0.04528074711561203 296
0.0008607974741607904 0.04376384615898132 343
0.0006568663520738482 0.05119742825627327 344
0.0008855381165631115 0.046357255429029465 199
0.0059724412858486176 0.053103573620319366 200
0.0008632938843220472 0.03074132651090622 248
0.0007336630951613188 0.023800108581781387 392
0.0005092313513159752 0.039616458117961884 391
0.0014011479215696454 0.03121461533010006 104
0.004634108394384384 0.02639625407755375 103
0.0018264396348968148 0.016287900507450104 23
0.0014475687639787793 0.026134727522730827 24
0.001487612840719521 0.0305035300552845 168
0.0007593701593577862 0.042710188776254654 247
0.0010170661844313145 0.0660640150308609 167
0.007028226740658283 0.052467767149209976 215
0.001233908929862082 0.01141582801938057 71
0.0013561055529862642 0.014953488484025002 72
0.0003808470501098782 0.04559824988245964 312
0.00045035791117697954 0.06774958968162537 311
0.0008961370913311839 0.039047613739967346 264
0.000899181526619941 0.03747984394431114 263
0.0005481906700879335 0.04754837974905968 359
0.0005424963892437518 0.040902603417634964 360
0.0006383134750649333 0.040329210460186005 216
0.0005181030137464404 0.039148468524217606 407
0.0005139004206284881 0.031246330589056015 408
0.0003955128195229918 0.07636460661888123 376
0.0006127349915914237 0.03764863312244415 375
0.0008632473181933165 0.03058045171201229 231
0.0007177047082222998 0.051717281341552734 183
0.0013902977807447314 0.05382801219820976 232
0.002112296177074313 0.06158091872930527 184
0.0005346459220163524 0.054043348878622055 328
0.000672745518386364 0.04125777259469032 327
0.0009310858440585434 0.04252774268388748 279
0.00838517490774393 0.0363834910094738 280
0.0020801194477826357 0.04550253227353096 88
0.0017783031798899174 0.016628364101052284 87
0.0017962127458304167 0.04179390147328377 40
0.001895156572572887 0.05031551048159599 39
0.005030496045947075 0.03097095713019371 423
0.003397922730073333 0.03174279257655144 424
0.0016878284513950348 0.0173870250582695 136
0.005655297543853521 0.02407454326748848 135
0.001755029777996242 0.013258452527225018 120
0.002281805733218789 0.011562286876142025 119
