0.0008643624605610967 0.055805642157793045 1
0.0030325211118906736 0.07887344807386398 2
0.004426330793648958 0.08867999166250229 49
9.477337880525738e-05 0.09950558096170425 241
8.742760110180825e-05 0.11990555375814438 242
0.0008995694224722683 0.0632576122879982 50
8.459570381091908e-05 0.10800716280937195 386
0.010339601896703243 0.08898624032735825 385
0.002256491919979453 0.10483898222446442 145
0.0004546003765426576 0.11691633611917496 146
0.00024033949011936784 0.1437099277973175 338
0.0014753572177141905 0.1303526610136032 337
0.008890554308891296 0.06585205346345901 98
0.0010431520640850067 0.08071823418140411 97
0.0003411213983781636 0.08797172456979752 289
0.002457029651850462 0.1582765430212021 290
0.0005634920089505613 0.09633553773164749 193
0.0002786580880638212 0.08553387224674225 194
0.0009437960106879473 0.04930131137371063 18
0.0010740369325503707 0.045816559344530106 17
0.0009787644958123565 0.05180567502975464 65
0.0008016015635803342 0.04333507642149925 66
0.0007583432598039508 0.1112108826637268 162
0.0006619050400331616 0.09708753973245621 161
0.0006295833736658096 0.0924447625875473 354
2.0973970094928518e-05 0.06620818376541138 401
0.0002622951869852841 0.07427677512168884 257
0.0008344097877852619 0.06243123114109039 402
8.856781641952693e-05 0.08308650553226471 353
0.00015861046267673373 0.07124963402748108 258
0.0004061009967699647 0.11476840823888779 305
0.0002325551031390205 0.11193712800741196 306
0.00024921426665969193 0.0861426368355751 209
0.00033109550713561475 0.101190946996212 210
0.0011486256262287498 0.0274052731692791 33
0.0009783552959561348 0.04310530051589012 130
0.00041880091885104775 0.063453309237957 273
0.00032645693863742054 0.04781022295355797 274
0.0012894925894215703 0.04284127056598663 34
0.0007805696222931147 0.11426658928394318 178
0.000896594428922981 0.09402664005756378 225
0.0005568585474975407 0.09251964092254639 370
0.00030165998032316566 0.12441323697566986 177
0.011149277910590172 0.08348149061203003 369
0.0010833231499418616 0.06364236027002335 82
0.0004203169955871999 0.07809365540742874 226
0.0011043782578781247 0.06910571455955505 81
0.00020861216762568802 0.07884626090526581 322
0.0016240322729572654 0.1124376580119133 321
0.00034781559952534735 0.0581481046974659 417
4.374191848910414e-05 0.0686044692993164 418
0.000932109949644655 0.04409287869930267 114
0.0009081459720619023 0.04503157362341881 113
0.001094551058486104 0.04282516986131668 129
