0.0014806041726842523 0.0014585786266252398 15
0.0015810115728527308 0.0015718116192147136 16
0.0004553913022391498 0.00046302794362418354 304
0.0008660025196149945 0.0008833811734803021 303
0.0012335701612755656 0.0012358559761196375 160
0.001515659736469388 0.0015079821459949017 159
0.0017100097611546516 0.0017065346473827958 32
0.0015573622658848763 0.0015530730597674847 31
0.0016135064652189612 0.0015835105441510677 64
0.000786365126259625 0.0008044053101912141 352
0.0004656273522414267 0.00047533391625620425 351
0.0005076261004433036 0.0005178348510526121 208
0.0009230569121427834 0.0009679588838480413 207
0.001451150979846716 0.001431134296581149 63
0.0012768832966685295 0.0012826991733163595 176
0.0007220823899842799 0.0007319774595089257 175
0.000371757079847157 0.000379358883947134 320
0.0010369366500526667 0.0010396918514743447 319
0.001152846496552229 0.0012775391805917025 399
0.004086788278073072 0.0040849000215530396 256
0.0007721799775026739 0.0008171215304173529 255
0.0004434764268808067 0.000487797282403335 400
0.00207492895424366 0.002072535455226898 48
0.0019081656355410814 0.001908598467707634 47
0.0005651404499076307 0.0005948471953161061 367
0.00102056039031595 0.001070446684025228 368
0.0017507035518065095 0.0017521814443171024 79
0.0006234727916307747 0.0006573829450644553 223
0.0005137396510690451 0.0005347167025320232 224
0.0015186126111075282 0.0015146667137742043 80
0.0006295398925431073 0.0006335980142466724 192
0.000548830081243068 0.0005443646805360913 191
0.0008424831321462989 0.0009061259916052222 336
0.0006163091165944934 0.0005967297474853694 335
0.0008231796673499048 0.0008804008830338717 272
0.0008989325724542141 0.0009198753396049142 271
0.00046168381231836975 0.0005017716903239489 416
0.000917340163141489 0.0010327848140150309 415
0.0009883638704195619 0.001040710718370974 240
0.0008568835910409689 0.0008389875292778015 239
0.0008587599731981754 0.0009269454749301076 384
0.0006217784248292446 0.0006639218772761524 383
0.0018270425498485565 0.001826465129852295 96
0.00212442921474576 0.002142441226169467 95
0.0012508737854659557 0.0012783220736309886 287
0.004893176257610321 0.004918355960398912 288
0.0013815379934385419 0.0013802122557535768 111
0.0014690980315208435 0.0015719888033345342 431
0.005520593374967575 0.005515135824680328 432
0.0021392875351011753 0.002156440634280443 143
0.0019608396105468273 0.0019762099254876375 144
0.0014637712156400084 0.0014638768043369055 127
0.001485037268139422 0.001486013876274228 128
0.0016569319413974881 0.0016534872120246291 112
