0.0008228246006183326 0.0008999737328849733 14
0.002053603995591402 0.0020681831520050764 13
0.0006254622712731361 0.00074764434248209 34
0.0006101981271058321 0.0007388863014057279 33
0.00023722840705886483 0.0006974341231398284 373
0.00017996405949816108 0.0008514763903804123 374
0.0005079559050500393 0.0006367217283695936 194
0.0005533014773391187 0.0008050175965763628 193
0.0007726224139332771 0.0009028539643622935 134
0.0007875957526266575 0.0009040188160724938 133
0.0014021062524989247 0.0013784444890916348 253
0.0003403020673431456 0.000623415457084775 254
0.0008769979467615485 0.0010026674717664719 93
0.0006735659553669393 0.0007818701560609043 94
0.0004438257310539484 0.0015451594954356551 313
0.000433532171882689 0.0009461248409934342 393
0.0003501460887491703 0.0006886333576403558 394
0.0004966601845808327 0.001552733825519681 314
0.0006259288056753576 0.0031682562548667192 434
0.0004087687411811203 0.0021723806858062744 433
0.00031051161931827664 0.00041781432810239494 213
0.00026967149460688233 0.0004399175522848964 214
0.0004100471269339323 0.0028066120576113462 493
0.00041366805089637637 0.0035891917068511248 494
0.000671379966661334 0.0008451618487015367 53
0.0008583325543440878 0.0009977666195482016 54
0.0008877634536474943 0.00101423729211092 154
0.0007073396700434387 0.0008186609484255314 153
0.0003464719047769904 0.0004957198980264366 274
0.00040590958087705076 0.0006347646121867001 273
0.0005888940067961812 0.001255649607628584 453
0.0002765908429864794 0.0009447253542020917 454
0.0004480188072193414 0.000919364916626364 334
0.0005080779665149748 0.0007175212376751006 234
0.000902441912330687 0.0010616166982799768 333
0.0006685156840831041 0.0008062585256993771 113
0.00032411207212135196 0.0033844984136521816 513
0.000718127004802227 0.0008697211742401123 114
0.0003629814018495381 0.0026207712944597006 514
0.0010629252064973116 0.001168168499134481 233
0.00045312364818528295 0.0012027483899146318 414
0.0006031197845004499 0.0010384013876318932 413
0.0003803323779720813 0.0008014443446882069 294
0.00037649786099791527 0.0006208935519680381 293
0.00026948482263833284 0.0012392053613439202 473
0.00032058419310487807 0.0009377258247695863 474
0.0010576422791928053 0.0012711698655039072 173
0.0002745031379163265 0.0006545825744979084 353
0.0003664499963633716 0.0005671731778420508 354
0.005707267671823502 0.00578980753198266 174
0.00029578572139143944 0.0017174965469166636 534
0.0002713472640607506 0.0015279172221198678 533
0.0007951476145535707 0.0008914273930713534 73
0.0007127097342163324 0.0008774931193329394 74
