0.0009168743854388595 0.06528280675411224 8
0.0010542840464040637 0.1289202868938446 7
0.0012065788032487035 0.08281508088111877 27
0.0007140781381167471 0.03137936815619469 28
0.0010529240826144814 0.030028371140360832 87
0.0008291421108879149 0.011490851640701294 88
0.0005582724115811288 0.17251452803611755 127
0.0008651051321066916 0.2287192940711975 128
0.0004885690868832171 0.35174664855003357 367
0.0021409178152680397 0.23318782448768616 368
0.00036884317523799837 0.2879122495651245 247
0.0006647417903877795 0.3357373774051666 248
0.0008551435312256217 0.27602869272232056 188
0.0005568256019614637 0.34947848320007324 307
0.0005795141914859414 0.3239445090293884 308
0.002170901745557785 0.37332841753959656 187
0.00035847994149662554 0.24951009452342987 388
0.00046522499178536236 0.26497718691825867 387
0.0007222113781608641 0.38495752215385437 427
0.00031965080415830016 0.08336170762777328 327
0.00015724546392448246 0.09881770610809326 328
5.333764056558721e-05 0.45131897926330566 428
0.0003894647234119475 0.14083673059940338 268
0.00046976757585071027 0.15809573233127594 267
0.0009043767349794507 0.011843327432870865 148
0.005813322961330414 0.01267196610569954 147
0.0009166550589725375 0.32933807373046875 487
0.0005314428708516061 0.3544238209724426 488
0.016048191115260124 0.018267421051859856 108
0.002622058615088463 0.0313420444726944 107
0.004475334659218788 0.24907991290092468 207
0.0006738009979017079 0.00951464008539915 48
0.004219866823405027 0.021143823862075806 47
0.0009872429072856903 0.2552531063556671 208
1.9845118004013784e-05 0.13132072985172272 507
0.002597368787974119 0.1286056488752365 508
0.0013234814396128058 0.2356978803873062 408
0.0028267784509807825 0.126144677400589 448
0.0001681366702541709 0.18023185431957245 447
0.0005831776070408523 0.0958499163389206 407
0.00029657542472705245 0.12293387204408646 288
0.0003096732252743095 0.12195378541946411 287
0.0028486084192991257 0.009016494266688824 167
0.0007072811131365597 0.009054490365087986 168
0.004078831057995558 0.1024361103773117 348
0.0026432506274431944 0.0756809413433075 347
0.003588553285226226 0.15814845263957977 468
0.00019716715905815363 0.13262349367141724 467
0.0023516910150647163 0.18736647069454193 227
0.00047284149331972003 0.0990399718284607 228
0.00032378555624745786 0.10991363227367401 528
0.0004700417339336127 0.12131305038928986 527
0.0006441265577450395 0.24841126799583435 67
0.0014520221156999469 0.24223288893699646 68
