0.00015392676868941635 0.32371968030929565 2
0.0004557580396067351 0.286863774061203 1
0.000346155691659078 0.2843756377696991 21
0.0004556472413241863 0.23585663735866547 121
0.0003495201817713678 0.10811242461204529 22
0.0002828150463756174 0.23662541806697845 122
0.0008303081267513335 0.5234386920928955 361
1.3569485417974647e-05 0.6302589178085327 362
0.00019420948228798807 0.1814042329788208 302
6.51239461149089e-05 0.23691152036190033 301
0.00021054878016002476 0.40289855003356934 182
0.000810860947240144 0.45528313517570496 181
7.118929352145642e-05 0.31612467765808105 421
1.0496596587472595e-06 0.3367463946342468 422
0.0006572671118192375 0.5758143663406372 242
5.2561572374543175e-05 0.42003414034843445 241
0.0013264643494039774 0.2547379434108734 382
7.727476622676477e-05 0.2507053315639496 381
0.0005435817874968052 0.06408344209194183 41
0.0007224488072097301 0.13969096541404724 142
2.369336289120838e-05 0.12106915563344955 322
0.0025997234042733908 0.14990970492362976 321
0.000817718158941716 0.19224762916564941 261
0.00031738466350361705 0.12829165160655975 102
1.9719354895642027e-05 0.15946702659130096 262
0.0006750084576196969 0.11971493810415268 101
0.0004478263726923615 0.09878148883581161 141
0.0001364378840662539 0.25340718030929565 202
3.0900897399988025e-05 0.4017006754875183 201
0.0008682573679834604 0.30680280923843384 482
2.7098963983007707e-05 0.2903039753437042 481
0.0004511871957220137 0.04680408164858818 42
0.0009775065118446946 0.16817942261695862 441
8.384129614569247e-05 0.1702171415090561 442
0.00206853449344635 0.1338927447795868 502
5.700261681340635e-05 0.1829538196325302 402
0.001090453122742474 0.13610367476940155 501
1.975822124222759e-05 0.21044892072677612 401
2.2197238649823703e-05 0.13358823955059052 282
3.47135282936506e-05 0.1649373471736908 281
0.0006098329904489219 0.06609834730625153 161
0.0007995792548172176 0.0837462842464447 162
6.346225563902408e-05 0.11734592914581299 341
3.096252112300135e-05 0.12415383756160736 342
0.00042622460750862956 0.1627185344696045 462
0.003632469568401575 0.08836661279201508 522
0.0005427800351753831 0.1359403431415558 461
0.010667075403034687 0.11104939132928848 521
0.0002726083912421018 0.1743815839290619 222
0.003374385181814432 0.2020004242658615 221
0.00025064649526029825 0.3576894700527191 62
0.0004204845754429698 0.291806697845459 61
0.0005500543629750609 0.09430373460054398 82
0.002249675802886486 0.2365548014640808 81
