0.0007994465413503349 0.0008129779016599059 15
0.000788761128205806 0.0008054464124143124 16
0.0005592025117948651 0.0005879529053345323 35
0.0006536882719956338 0.0007159037631936371 36
0.0004138756776228547 0.00045011495240032673 375
0.0007100981310941279 0.0007495179306715727 376
0.00047664708108641207 0.0005447239382192492 195
0.00041015027090907097 0.00043898282456211746 196
0.0002712575951591134 0.0003291296598035842 255
0.00030938477721065283 0.00037649061414413154 256
0.0008320551132783294 0.0008836858323775232 135
0.000772867992054671 0.0008088793838396668 136
0.00035397126339375973 0.00043012676178477705 396
0.00035716118873097 0.00045128981582820415 395
0.0007496539037674665 0.0007713373634032905 95
0.0008725349907763302 0.0009153269347734749 96
0.000368168402928859 0.00042467916500754654 435
0.002666685963049531 0.002701738616451621 436
0.0003701475216075778 0.00043383153388276696 215
0.0002850634919013828 0.00033229502150788903 216
0.0006441738805733621 0.0008073382778093219 316
0.0012396277161315084 0.0013805704656988382 315
0.0004664028820116073 0.0009077095310203731 495
0.0011226831702515483 0.0013567334972321987 496
0.0008410278242081404 0.0009350235923193395 56
0.0008217901922762394 0.0008577594417147338 155
0.0007412221166305244 0.0008435642812401056 55
0.0005253623239696026 0.0005885979044251144 275
0.00030504402820952237 0.00036334781907498837 276
0.000920048332773149 0.0009574764408171177 156
0.0013902091886848211 0.0014757601311430335 456
0.00018007463950198144 0.00027551071252673864 455
0.0006297006038948894 0.000764483876992017 335
0.0006771207554265857 0.0007997616194188595 235
0.000411873625125736 0.0005336772301234305 236
0.00027267844416201115 0.0003717202926054597 415
0.00035149764153175056 0.0004814493586309254 416
0.00044095871271565557 0.0005636151763610542 336
0.0003117478627245873 0.0008831316372379661 515
0.00018385844305157661 0.0003490779490675777 516
0.0003004403261002153 0.00045378293725661933 296
0.0005230891401879489 0.0006579162436537445 295
0.0038722772151231766 0.003888694103807211 115
0.00035924906842410564 0.0005701399059034884 476
0.003420538967475295 0.0034538432955741882 475
0.0008139286073856056 0.000886316120158881 116
0.000274046731647104 0.0004437339666765183 355
0.00027210888219997287 0.00043046032078564167 356
0.0007372933905571699 0.0007592816255055368 75
0.0011388285784050822 0.001257431460544467 76
0.0007262749713845551 0.0008045191061682999 175
0.0008046674192883074 0.0008885824354365468 176
0.0036053683143109083 0.003649237798526883 536
0.006180057767778635 0.006235221866518259 535
