0.0009374332730658352 0.07141485810279846 9
0.0005556662799790502 0.014711855910718441 10
0.000760687340516597 0.024511251598596573 29
0.0005042735720053315 0.002701169578358531 30
0.0006503064068965614 0.007555526681244373 90
0.004167584702372551 0.005034708883613348 89
0.0009781541302800179 0.04925021901726723 129
0.00016004299686755985 0.17730167508125305 369
0.0003356334927957505 0.23117905855178833 370
0.0003466392226982862 0.19791512191295624 190
0.0004187240556348115 0.21888244152069092 130
0.0003604939265642315 0.15567231178283691 189
0.000630242342595011 0.29535987973213196 250
0.0002969267079606652 0.15745803713798523 249
0.0002670262474566698 0.17830488085746765 309
0.0005208214279264212 0.14505726099014282 310
0.00019373311079107225 0.19828946888446808 390
0.0003375793749000877 0.21444246172904968 389
0.00021849895711056888 0.13951100409030914 209
0.0030368755105882883 0.38891109824180603 430
0.0001643455179873854 0.06396780908107758 329
0.00038663946907036006 0.19746790826320648 429
0.00020943705749232322 0.09425221383571625 270
9.011457586893812e-05 0.3096572458744049 489
0.0003870655782520771 0.3094438314437866 490
0.0006831341306678951 0.0019890470430254936 150
0.00016888874233700335 0.10388250648975372 269
0.00013425093493424356 0.07765557616949081 330
0.0007527232519350946 0.0024837690871208906 149
0.0028101354837417603 0.09997861087322235 210
0.00047009592526592314 0.0023799266200512648 110
0.0012371526099741459 0.003199352417141199 109
0.0004897960461676121 0.0014788414118811488 50
0.0010469912085682154 0.02080252580344677 49
0.0006956515717320144 0.1389785259962082 450
0.00011424088006606326 0.15182359516620636 449
0.00024207525711972266 0.24487334489822388 409
0.010086371563374996 0.07164251804351807 509
2.0268729713279754e-05 0.1064264327287674 510
4.76837158203125e-05 0.22352378070354462 410
6.0183985624462366e-05 0.04962710291147232 290
0.0001968242140719667 0.08788000792264938 289
0.0003280749369878322 0.05109868943691254 229
0.0001606916484888643 0.07591698318719864 230
0.00012204120866954327 0.09452730417251587 470
0.00020326522644609213 0.11809433996677399 469
0.00034538257750682533 0.03194718062877655 349
0.0013854303397238255 0.05594625324010849 350
3.624467717600055e-05 0.07974190264940262 529
0.00235718279145658 0.0985523983836174 530
0.0008398609352298081 0.002127590123564005 169
0.005249951500445604 0.006517990957945585 170
0.0012010643258690834 0.2130591869354248 69
0.0004720595898106694 0.0466650165617466 70
