0.0006652193842455745 0.11297980695962906 4
0.0006604649825021625 0.6416400671005249 3
0.00036804916453547776 0.22687067091464996 23
0.0007415303261950612 0.25654059648513794 24
0.0025757611729204655 0.2504075765609741 123
0.00013652289635501802 0.49692100286483765 184
7.001265475992113e-05 0.3874213397502899 364
1.779478225216735e-05 0.3812050521373749 363
0.0004764896002598107 0.4349743127822876 244
0.0013685664162039757 0.3046482801437378 124
5.83921791985631e-05 0.26735347509384155 304
0.0006575178704224527 0.6851362586021423 183
0.0002631882089190185 0.27382367849349976 303
0.00026592056383378804 0.32217368483543396 243
0.0033597268629819155 0.23261336982250214 384
0.00022570400324184448 0.3853006064891815 383
3.253160684835166e-05 0.09546015411615372 324
0.00019517311011441052 0.1767936795949936 264
0.0004919724888168275 0.09002149105072021 103
0.009080707095563412 0.1435823142528534 323
0.0002714076836127788 0.06737187504768372 144
0.004613757599145174 0.2207755297422409 263
0.0001863919460447505 0.19724498689174652 203
0.00035478919744491577 0.09850405156612396 104
8.973960211733356e-05 0.25241780281066895 204
0.0004383825580589473 0.07442864775657654 143
0.00038386142114177346 0.2613231837749481 483
0.0027101091109216213 0.3577384948730469 484
0.00011010842717951164 0.45118284225463867 423
0.00019979650096502155 0.4312725365161896 424
0.0008130213245749474 0.17242568731307983 44
0.0002825607662089169 0.18636101484298706 43
0.00028274281066842377 0.1726270169019699 443
7.430037658195943e-05 0.2855737805366516 444
4.554545012069866e-05 0.152248352766037 503
0.00016140159277711064 0.1342979073524475 504
0.00024105429474730045 0.21763363480567932 403
0.002276191720739007 0.1966407150030136 404
1.0651651791704353e-05 0.12972210347652435 284
0.0038129016757011414 0.18272808194160461 283
0.00026250974042341113 0.049421101808547974 163
0.0002085105370497331 0.05676576867699623 164
0.00011178111162735149 0.11299476027488708 343
2.414175651210826e-05 0.12158177047967911 344
2.7358822990208864e-05 0.13961227238178253 463
0.0004332227981649339 0.16026845574378967 464
4.761096352012828e-05 0.1236066073179245 524
1.92985862668138e-06 0.12064024060964584 523
0.0001866750535555184 0.23069113492965698 224
0.0001789927773643285 0.14768488705158234 223
0.0001319396251346916 0.31113800406455994 64
0.00017099939577747136 0.18095777928829193 63
0.0003499854065012187 0.1908908486366272 84
0.005942710675299168 0.12108275294303894 83
