0.0007897549658082426 0.0007959455251693726 18
0.0016449239337816834 0.0019776243716478348 17
0.0006387839093804359 0.0006453627138398588 38
0.0005775386234745383 0.0005827068234793842 37
0.0005974704981781542 0.0006577317835763097 377
0.0003848455671686679 0.0004042290092911571 378
0.00041026336839422584 0.00047960522351786494 257
0.0003817090473603457 0.0004294597019907087 258
0.0003140165063086897 0.00032481944072060287 198
0.0005512565840035677 0.0005750348791480064 197
0.0008376565529033542 0.000843667599838227 138
0.0014445341657847166 0.0014923678245395422 438
0.0008053898927755654 0.0008216865826398134 137
0.00026257612626068294 0.0003535735886543989 437
0.0005467372830025852 0.0005667267832905054 218
0.0004486159305088222 0.0004661389975808561 217
0.00014475239731837064 0.00017122911231126636 398
0.0003314288333058357 0.00037533562863245606 397
0.0010957976337522268 0.0011580492136999965 317
0.008115949109196663 0.008117921650409698 98
0.0005748194525949657 0.0005831329035572708 97
0.00035644604940898716 0.0004054096934851259 318
0.0004427219682838768 0.000711351225618273 497
0.0004522846429608762 0.0006551446858793497 498
0.0009534470154903829 0.000973857007920742 158
0.0006450997898355126 0.0006617216276936233 157
0.0008596732513979077 0.0008686064975336194 57
0.00030407527810893953 0.00038526402204297483 457
0.0002304692316101864 0.00029983348213136196 458
0.002836060943081975 0.0028415462002158165 238
0.00037342289579100907 0.0004372985567897558 278
0.0012653629528358579 0.001277266419492662 277
0.0007604197598993778 0.0008688001544214785 418
0.0006735422648489475 0.0007186226430349052 417
0.0003451780357863754 0.00038450496504083276 237
0.0003234892792534083 0.0003914238477591425 338
0.0004480593779589981 0.0006184931262396276 337
0.0003318613744340837 0.0005458935629576445 517
0.007230032701045275 0.007253808900713921 518
0.0003344011784065515 0.00037600070936605334 297
0.00036786837154068053 0.0004178372910246253 298
0.0004002496716566384 0.0005052742199040949 477
0.0047205970622599125 0.004735718481242657 478
0.0008334254962392151 0.0008575574611313641 77
0.0008779930067248642 0.0008859076187945902 78
0.000937740143854171 0.0009711094317026436 117
0.0009267142741009593 0.0009565693326294422 118
0.0010745347244665027 0.0010812912369146943 58
0.00041291903471574187 0.0004693003138527274 357
0.0005244488129392266 0.0005601891316473484 358
0.0002817208878695965 0.00040157270268537104 538
0.00024631008272990584 0.0003353134379722178 537
0.0008037371444515884 0.0008247790392488241 177
0.008927571587264538 0.00893054623156786 178
