0.0006850935751572251 0.0011863290565088391 12
0.0006158902542665601 0.0009567944216541946 11
0.0005830349982716143 0.0008790563442744315 32
0.0010485600214451551 0.004400121048092842 31
0.001472265226766467 0.1728452891111374 371
0.00010651507182046771 0.05279730632901192 372
0.0007396083092316985 0.0010154318297281861 92
0.0006413455703295767 0.0009681980591267347 91
0.00028325195307843387 0.057955291122198105 191
0.0008305519004352391 0.003301874501630664 131
0.0003789325710386038 0.02689770981669426 192
0.0008469347958453 0.13868281245231628 132
0.0010164264822378755 0.03515326604247093 252
0.0004168621089775115 0.078581802546978 251
0.0005563856102526188 0.06513229012489319 311
0.00018283793178852648 0.048010699450969696 312
0.0002940999111160636 0.0337417833507061 391
0.0002595919359009713 0.047924503684043884 392
0.0004921155050396919 0.07426689565181732 432
0.00181339040864259 0.15967798233032227 431
0.0006894167163409293 0.0010489290580153465 52
7.183412526501343e-05 0.044545166194438934 491
0.0015806417213752866 0.1860228180885315 492
0.0007756892591714859 0.001140819862484932 151
0.0005874326452612877 0.014143243432044983 272
0.0008866701973602176 0.0012546124635264277 152
0.00033432667260058224 0.015872260555624962 271
0.00029252193053252995 0.027875704690814018 212
0.00042174747795797884 0.016140468418598175 331
0.00029843635275028646 0.024782735854387283 211
0.0003662763338070363 0.007456447463482618 332
0.0014359189663082361 0.0016579824732616544 51
0.0008068252936936915 0.0012050450313836336 112
0.000934392330236733 0.001545358682051301 111
0.00657943170517683 0.07567402720451355 451
0.0004810174577869475 0.0913182869553566 452
0.003902306081727147 0.03265335410833359 411
0.00030219953623600304 0.017197702080011368 412
0.0001594767818460241 0.03070950321853161 512
0.00011099570110673085 0.027287557721138 511
0.00041507979040034115 0.02690267376601696 291
0.00027401739498600364 0.008737676776945591 292
0.000416925031458959 0.029559850692749023 231
0.00028185793780721724 0.012651348486542702 232
0.00028860746533609927 0.010491766035556793 471
0.0002284762595081702 0.0264385137706995 472
0.00019104385864920914 0.01824125275015831 351
0.00025764640304259956 0.011943682096898556 352
0.0007282833103090525 0.001207950641401112 172
0.00011414278560550883 0.027494242414832115 531
0.007753327488899231 0.02021806128323078 532
0.0008779552881605923 0.0014561748830601573 171
0.0006894275429658592 0.0015543123008683324 72
0.00068240164546296 0.004438646603375673 71
