0.001369044533930719 0.7657175064086914 6
0.0008487711893394589 0.17810268700122833 5
0.00020465072884690017 0.06221061572432518 26
0.00041922935633920133 0.16252312064170837 25
0.0037990293931216 0.07831801474094391 86
0.00035131635377183557 0.33020251989364624 185
0.0007374456617981195 0.43759873509407043 186
0.00011802608059952036 0.4346926510334015 365
0.0006300711538642645 0.25210466980934143 366
0.00042246156954206526 0.4613194763660431 246
0.0008721514604985714 0.47406700253486633 245
0.0002589018258731812 0.13215482234954834 305
0.0014970372430980206 0.19578593969345093 306
0.002764280652627349 0.26201295852661133 125
0.000520573987159878 0.18892766535282135 126
0.0002624013868626207 0.1998203843832016 385
0.0030279590282589197 0.10581301897764206 325
0.0002420917880954221 0.2666873335838318 386
0.00013256318925414234 0.1164722740650177 326
7.729100616415963e-05 0.13777144253253937 266
0.0007136340718716383 0.3309096693992615 205
0.00011001229722751305 0.16799825429916382 265
0.0002764505334198475 0.053371261805295944 145
0.00014156322868075222 0.030470766127109528 105
0.000809341436251998 0.2875088155269623 486
0.0003579257754608989 0.2633424401283264 485
0.01314400602132082 0.05008983612060547 106
0.0005411400925368071 0.04887367784976959 146
0.0006793091306462884 0.37876129150390625 425
0.0002725555968936533 0.3656776249408722 426
0.00040166452527046204 0.03201828896999359 46
0.0003966270596720278 0.048753973096609116 45
6.547070370288566e-05 0.1927560269832611 206
3.558001480996609e-05 0.20484252274036407 446
0.0015036130789667368 0.16202743351459503 445
1.0008212484535761e-05 0.11519653350114822 505
0.002349178772419691 0.12360531836748123 506
0.004915936384350061 0.12795177102088928 405
0.0004178675008006394 0.2631787359714508 406
0.0018532185349613428 0.16304050385951996 285
9.185122326016426e-05 0.08188896626234055 286
0.00042194625711999834 0.03047320432960987 166
5.402045644586906e-05 0.09559093415737152 346
0.008068915456533432 0.09802382439374924 345
0.0005356465699151158 0.020620210096240044 165
4.898470433545299e-05 0.17859028279781342 465
0.00016370641242247075 0.13220281898975372 466
0.000660716206766665 0.10693885385990143 526
0.00017806839605327696 0.14691591262817383 525
0.0008513376815244555 0.14981453120708466 225
0.0054045491851866245 0.1422441154718399 226
0.0006273279432207346 0.3381141722202301 65
0.003290412947535515 0.30526411533355713 66
0.0010335281258448958 0.09220664948225021 85
